2993
0 0 0 29
2 1124 27 1120
2 1584 3 1583
3 1644 3 1655
8 1611 5 1611
8 1611 8 1614
11 1309 22 1271
11 1309 47 1301
11 1440 4 1404
12 386 31 386
12 386 12 437
15 496 16 437
15 496 68 488
15 496 15 497
16 437 12 437
16 497 16 543
17 325 12 386
17 325 45 302
21 1680 21 1699
23 673 13 712
23 673 55 673
23 760 13 760
23 1755 7 1755
23 1755 25 1742
23 1799 23 1800
24 1246 24 1262
24 1246 77 1221
25 1404 40 1401
25 1404 4 1404
25 1729 21 1699
25 1729 25 1742
26 1918 32 1908
27 607 27 634
27 1093 27 1120
30 634 27 634
30 1518 38 1474
31 43 16 43
31 386 33 380
31 1655 21 1680
31 1655 3 1655
32 1908 36 1871
32 1908 53 1907
34 151 37 143
36 1871 63 1865
37 15 31 43
37 143 42 139
37 928 49 909
38 1474 11 1474
39 543 16 543
40 757 23 760
45 302 73 306
45 1998 70 1998
47 1785 49 1780
47 1785 47 1800
48 387 57 357
49 896 54 870
49 1800 47 1800
50 1739 48 1739
51 1120 27 1120
52 1698 48 1699
53 1614 8 1614
54 855 60 823
54 855 54 870
55 673 55 682
58 1047 27 1093
58 1047 62 1014
60 823 67 796
60 1975 60 1977
63 1865 69 1817
67 782 67 796
68 909 83 906
68 909 66 909
69 471 68 488
69 471 56 471
69 471 79 453
71 1388 40 1401
71 1388 121 1371
73 296 73 306
76 240 76 243
76 1674 115 1655
76 1682 76 1674
76 1682 76 1714
77 1194 155 1194
77 1194 77 1221
79 796 67 796
83 453 79 453
84 720 97 698
85 78 105 27
90 243 102 228
90 243 76 243
92 1524 112 1524
92 1524 30 1524
99 1014 62 1014
100 1444 96 1460
102 187 68 189
102 187 102 228
103 1714 137 1705
103 1714 76 1714
103 1714 103 1729
104 913 83 913
105 27 136 18
106 698 136 702
106 1998 137 1981
107 517 107 550
107 517 135 516
107 1048 107 1081
108 550 107 550
108 550 108 555
112 1096 107 1081
112 1524 112 1537
113 986 99 1014
115 216 115 221
115 388 115 416
115 1771 115 1772
118 1729 115 1771
120 785 120 792
120 1444 100 1444
122 221 115 221
124 1081 107 1081
124 1785 124 1808
124 1785 145 1784
125 779 120 785
127 279 118 306
130 659 135 652
132 233 122 233
134 40 136 18
135 493 133 493
135 493 135 501
135 652 151 644
135 900 104 913
135 900 127 867
136 555 108 555
136 555 136 561
136 692 141 683
136 692 136 702
137 1973 137 1981
140 1262 154 1244
140 1537 112 1537
141 683 130 683
142 1425 147 1407
145 1772 145 1784
149 867 185 868
151 624 151 644
152 449 133 449
154 1244 155 1194
155 702 136 702
156 1784 154 1795
162 248 132 248
162 248 162 257
163 1489 140 1537
167 792 181 786
168 1067 124 1081
168 1067 174 1042
169 501 135 501
170 301 147 341
171 644 206 613
173 122 138 122
173 122 173 125
176 1759 176 1762
177 208 168 213
177 208 192 206
177 1489 163 1489
177 1489 206 1456
178 561 196 545
178 561 136 561
179 1876 171 1876
180 125 196 123
180 125 173 125
181 786 181 824
181 786 203 775
185 840 185 868
185 840 181 824
186 231 192 206
186 231 186 257
188 1036 174 1042
188 1036 188 1052
188 1174 155 1194
188 1174 221 1173
190 1728 176 1759
191 1868 179 1876
191 1868 194 1860
192 257 186 257
192 824 181 824
193 273 192 273
194 1851 194 1860
195 1099 195 1113
196 123 202 86
197 1052 188 1052
197 1052 197 1056
197 1655 197 1672
198 406 198 413
202 1929 191 1929
202 1929 202 1982
203 723 203 731
203 1282 214 1268
203 1282 203 1321
203 1982 202 1982
205 1860 194 1860
212 1113 195 1113
216 868 216 907
217 413 227 362
217 413 217 420
219 1321 235 1316
219 1321 203 1321
221 1173 230 1151
230 1139 212 1139
231 1849 221 1849
232 264 192 264
232 420 217 420
232 420 271 407
232 1499 261 1475
234 737 234 731
235 1316 249 1313
236 1056 220 1073
236 1056 261 1033
239 22 239 47
239 731 249 731
239 731 234 731
239 1672 239 1684
240 1979 207 1984
241 907 254 903
242 983 232 991
242 983 242 1000
245 115 196 123
245 115 275 106
247 282 253 280
247 486 229 492
248 1229 302 1224
249 731 249 770
250 1684 239 1684
250 1684 250 1698
253 280 253 309
254 898 254 903
254 1172 256 1151
260 1326 280 1321
261 770 249 770
261 1026 270 1000
261 1026 261 1033
263 1033 296 1031
263 1826 318 1816
266 846 282 842
267 481 247 486
267 481 280 476
275 106 275 141
277 1389 249 1389
277 1389 286 1372
278 227 278 240
278 227 286 222
278 1698 250 1698
279 1174 254 1174
279 1174 279 1178
280 141 288 141
280 141 275 141
280 476 304 476
282 842 282 867
283 1532 279 1532
283 1532 283 1547
284 240 278 240
286 1345 286 1372
288 141 288 153
290 1453 261 1475
290 1453 338 1451
291 903 282 867
291 903 254 903
292 92 284 92
295 222 286 222
300 1372 286 1372
300 1372 326 1367
302 531 303 525
302 1194 302 1224
305 387 271 391
305 387 307 348
305 1246 305 1263
306 683 301 683
307 338 307 348
308 472 304 476
308 567 308 578
309 1178 309 1180
311 211 295 222
311 211 325 169
311 867 282 867
311 867 334 837
315 705 371 704
315 705 306 705
318 578 308 578
318 982 342 979
318 1577 312 1596
318 1577 286 1577
318 1795 318 1816
318 1795 373 1791
319 1665 289 1665
323 1224 302 1224
324 756 324 776
325 155 314 155
325 776 349 766
325 776 324 776
325 1263 361 1256
326 1928 302 1957
329 552 308 567
334 169 325 169
334 417 350 409
334 827 349 806
334 1923 326 1928
334 1923 344 1910
335 1180 309 1180
338 1451 338 1480
341 241 341 247
344 1160 335 1180
344 1160 346 1147
344 1867 344 1910
349 766 349 806
352 480 342 506
352 480 304 480
352 1400 338 1451
352 1400 354 1383
353 1910 344 1910
355 742 349 766
355 742 371 704
356 1147 374 1149
357 806 349 806
363 1277 361 1277
363 1277 363 1295
365 537 329 552
365 537 365 567
366 1632 366 1633
368 1558 368 1562
369 247 390 247
369 247 341 247
370 567 370 615
371 704 420 695
371 967 371 987
371 967 387 924
372 462 375 445
372 462 372 463
373 1480 367 1535
373 1480 338 1480
373 1550 367 1550
374 1140 374 1149
375 445 350 445
377 99 379 81
377 99 377 107
377 615 370 615
378 1791 373 1791
379 1242 361 1256
380 1190 374 1149
382 107 377 107
382 107 382 114
383 463 372 463
385 280 390 247
385 1067 374 1080
385 1067 390 1051
386 114 382 114
387 879 387 924
390 1021 384 1021
390 1149 374 1149
391 1705 373 1721
393 1545 389 1562
396 1295 408 1271
396 1295 363 1295
398 336 385 336
399 422 375 445
400 183 399 191
400 1051 390 1051
402 1327 396 1327
403 128 403 138
404 1104 374 1104
408 1839 413 1815
412 378 399 422
413 1815 444 1806
416 545 431 539
418 872 387 879
418 1633 431 1592
418 1633 366 1633
419 228 419 270
419 1536 410 1536
419 1536 419 1546
420 695 421 653
421 624 421 653
421 824 421 837
421 824 422 809
424 138 403 138
428 270 419 270
431 539 435 536
431 1592 467 1586
432 809 422 809
433 342 398 342
435 536 467 553
440 1971 387 1973
440 1971 440 1981
441 349 441 366
442 837 462 829
442 837 421 837
444 1783 446 1771
445 262 428 270
445 262 470 235
445 474 442 474
446 977 445 1010
447 1411 408 1433
447 1411 488 1409
450 366 470 358
450 366 441 366
451 1161 451 1170
452 1931 452 1938
455 64 448 75
457 59 455 64
457 59 495 46
459 1040 451 1040
461 1170 461 1185
462 829 462 861
464 675 444 675
464 1938 464 1981
464 1938 473 1933
464 1938 452 1938
466 15 425 20
466 15 519 7
466 1327 466 1343
466 1327 481 1307
467 513 472 500
467 1546 419 1546
468 920 491 897
470 358 478 357
471 1586 471 1588
472 448 442 448
472 448 472 500
473 596 467 553
473 1933 505 1933
475 500 512 499
475 500 472 500
480 553 467 553
481 1272 492 1230
482 198 470 235
482 637 473 637
484 1721 484 1724
485 1109 458 1109
488 1377 498 1343
488 1377 488 1409
491 897 498 861
492 84 495 46
492 84 527 83
492 84 492 120
493 120 492 120
493 120 493 165
496 262 445 262
496 262 496 266
498 165 493 165
498 1343 466 1343
500 1307 481 1307
501 437 472 448
502 1409 515 1398
503 774 503 788
510 1914 505 1933
510 1914 515 1894
511 989 500 989
511 1423 511 1424
512 663 512 681
513 1548 513 1534
515 266 518 250
515 266 526 263
515 1398 537 1386
515 1637 497 1637
515 1637 530 1634
516 757 503 774
518 250 535 221
520 1820 536 1795
520 1820 520 1865
521 681 561 668
522 1095 522 1098
522 1865 520 1865
526 1304 500 1307
526 1441 538 1424
527 83 527 114
530 1630 530 1634
531 1143 522 1143
532 357 526 383
535 219 535 221
537 1061 522 1095
538 1424 511 1424
539 1695 523 1724
539 1695 590 1697
540 1253 526 1304
540 1421 538 1424
542 1482 526 1482
546 971 545 971
546 971 546 976
548 1634 539 1695
549 1314 526 1314
552 336 532 357
556 1098 522 1098
556 1098 586 1100
557 432 557 465
557 1314 549 1314
560 221 535 221
560 221 593 205
561 1961 561 1985
562 552 562 571
565 542 562 552
565 1257 565 1250
568 1166 568 1175
569 56 527 83
570 613 562 571
573 40 569 56
574 465 557 465
574 538 565 542
574 538 597 534
575 1493 607 1472
575 1493 575 1521
578 39 573 40
579 1521 575 1521
579 1521 579 1530
585 1041 585 1076
586 1076 585 1076
587 919 587 940
587 1853 587 1817
587 1853 604 1841
588 24 588 30
588 1402 611 1397
590 1692 590 1697
593 164 586 164
593 1610 548 1634
593 1610 599 1597
594 490 574 490
595 940 587 940
597 515 597 534
597 1985 561 1985
598 1033 585 1041
599 647 602 638
599 647 599 651
599 1596 599 1597
602 205 593 205
605 432 557 432
605 1709 605 1711
607 30 634 18
607 30 607 69
611 1175 568 1175
611 1175 611 1180
611 1369 624 1348
611 1369 611 1397
613 1697 636 1697
613 1697 590 1697
613 1697 613 1711
614 1711 618 1710
615 69 607 69
615 1443 607 1472
615 1443 623 1424
616 904 587 919
616 904 633 888
616 1100 616 1134
617 1715 618 1710
620 751 620 706
620 751 644 746
624 1340 633 1324
625 200 602 205
626 1397 623 1424
626 1397 611 1397
627 681 627 692
630 1348 624 1348
631 1134 616 1134
631 1134 631 1171
632 583 637 583
633 888 680 889
633 1180 633 1211
633 1324 636 1293
634 651 627 681
634 651 666 651
634 651 599 651
634 1171 633 1180
634 1171 652 1171
634 1781 676 1780
635 215 625 215
635 215 635 249
635 1759 634 1781
635 1759 642 1750
636 1293 623 1299
637 582 637 583
638 303 634 303
638 303 661 299
640 249 655 249
641 1069 641 1076
642 1750 621 1750
648 62 615 69
650 328 638 328
651 424 651 428
651 1015 651 1054
652 1165 652 1171
653 148 593 164
655 249 655 271
656 1876 656 1937
657 583 637 583
658 1289 636 1293
659 1171 664 1152
661 271 655 271
662 428 662 445
662 1399 653 1399
662 1399 662 1410
663 1821 676 1780
663 1821 663 1828
663 1937 656 1937
663 1937 663 1950
664 522 674 515
664 1152 682 1164
665 764 687 764
665 764 648 764
666 651 674 615
666 1410 662 1410
668 461 662 461
668 1950 742 1947
668 1950 663 1950
669 299 661 299
669 574 669 586
671 1724 642 1750
672 1249 649 1249
673 10 673 24
674 493 668 493
674 615 669 586
676 214 635 215
679 1243 672 1249
679 1243 688 1241
680 863 691 827
680 863 680 889
682 1164 706 1147
685 1597 751 1580
686 515 674 515
688 1220 688 1241
691 778 687 778
692 1241 688 1241
694 827 720 811
694 964 694 983
695 1180 695 1214
696 655 692 689
696 655 666 655
698 1214 708 1208
698 1214 695 1214
699 983 694 983
699 983 699 990
703 1828 663 1828
703 1828 703 1853
707 1519 720 1461
709 1100 709 1102
713 1692 756 1685
716 1146 706 1147
716 1853 703 1853
717 927 691 945
718 121 717 130
719 1145 716 1146
719 1145 731 1123
720 1443 720 1460
721 393 725 392
721 393 699 393
724 680 692 689
724 680 724 704
724 809 720 811
725 488 725 525
726 889 717 927
726 889 680 889
731 78 731 60
731 78 731 127
731 1102 709 1102
731 1102 738 1066
733 1391 753 1361
737 199 748 181
738 127 731 127
738 127 738 134
738 1063 738 1066
742 21 717 24
742 21 742 36
742 1947 717 1980
743 36 742 36
743 782 724 809
745 343 745 351
748 150 748 181
748 1123 731 1123
749 134 748 150
751 1556 751 1580
753 1331 713 1331
755 182 756 181
755 182 748 181
755 268 755 280
755 1361 753 1361
756 389 725 392
756 389 757 371
757 351 780 326
757 351 745 351
757 351 757 371
757 450 756 450
759 1580 751 1580
759 1767 775 1767
763 704 763 705
764 1066 782 1030
766 563 722 569
766 563 801 557
769 17 742 21
769 45 769 17
769 45 769 49
773 371 757 371
777 1548 751 1556
781 1649 782 1592
782 1030 803 959
782 1581 759 1581
784 307 780 326
786 1576 782 1581
787 280 784 307
787 280 755 280
789 1433 789 1441
797 1370 800 1357
797 1370 797 1406
800 1357 755 1361
801 520 801 557
801 1263 801 1273
807 1106 807 1136
807 1700 756 1700
807 1700 843 1691
808 705 841 705
808 705 763 705
808 1136 807 1136
809 1355 800 1357
811 414 785 414
814 27 814 49
816 802 818 779
817 557 801 557
818 434 818 447
818 771 818 779
821 1829 812 1868
821 1829 822 1817
821 1926 821 1934
822 1200 822 1222
822 1791 841 1767
824 1165 831 1149
824 1165 824 1175
824 1460 848 1454
825 1323 809 1355
825 1323 826 1273
826 1273 851 1260
826 1273 801 1273
826 1273 822 1222
826 1432 809 1441
826 1432 824 1460
827 1592 782 1592
831 447 818 447
831 1149 866 1129
832 1404 815 1406
832 1404 826 1432
836 465 831 465
839 191 836 183
841 1616 866 1605
841 1616 833 1616
841 1746 794 1746
843 1683 843 1691
843 1722 843 1691
843 1722 843 1733
844 1934 821 1934
844 1934 844 1936
845 1813 830 1817
846 1767 841 1767
848 1454 870 1450
850 123 846 142
851 1349 809 1355
852 1691 843 1691
854 1058 854 1074
855 848 860 829
856 208 839 208
856 1074 854 1074
856 1074 856 1113
860 829 816 829
863 352 843 401
864 64 881 48
864 1733 843 1733
865 143 882 143
865 143 846 143
867 864 867 871
868 1871 879 1870
868 1871 812 1871
870 1129 866 1129
873 626 904 602
878 94 878 102
878 1050 854 1058
878 1050 894 1040
878 1583 878 1603
879 1870 879 1898
881 1603 878 1603
881 1603 881 1611
882 143 882 144
885 1756 864 1756
887 37 845 37
887 238 885 243
887 238 886 195
887 516 867 526
888 46 887 46
888 46 888 52
888 433 888 449
889 102 889 104
890 505 891 449
890 1898 890 1936
891 119 889 119
891 119 891 140
893 140 891 140
893 144 893 140
893 1365 903 1352
893 1365 893 1378
894 195 886 195
894 195 894 198
894 871 885 894
894 871 867 871
894 943 906 926
894 943 894 992
894 1035 899 1014
895 1309 895 1314
896 1040 894 1040
896 1040 896 1064
896 1798 885 1775
898 198 898 204
898 1611 928 1590
898 1611 881 1611
902 1064 902 1090
902 1064 896 1064
903 1328 895 1328
903 1328 903 1352
904 163 932 149
904 163 893 163
904 538 887 538
904 538 952 541
904 567 904 538
904 567 904 602
904 1378 904 1397
904 1931 898 1936
905 419 892 419
905 1242 909 1231
906 918 885 918
906 918 906 926
909 204 898 204
909 666 909 667
910 1775 885 1775
910 1775 933 1775
911 1642 911 1652
912 992 926 984
913 1652 911 1652
914 289 914 323
914 1652 913 1652
916 1718 916 1733
918 52 888 52
918 602 904 602
919 1530 891 1531
920 438 905 438
920 1231 909 1231
920 1231 920 1265
920 1352 903 1352
922 104 925 70
922 104 889 104
926 984 969 977
927 323 921 371
928 196 971 198
929 732 950 706
932 1546 928 1590
932 1546 967 1536
933 251 933 267
938 243 933 251
938 243 945 220
939 392 944 377
940 1262 929 1265
940 1654 914 1654
944 104 922 104
944 104 962 97
944 370 921 371
944 839 894 871
945 220 928 220
947 508 979 479
947 1397 904 1397
951 264 947 267
951 264 951 276
952 418 939 418
952 418 952 422
952 522 947 522
952 522 952 541
952 1974 952 1985
953 667 950 704
955 1452 955 1488
955 1452 981 1450
955 1733 916 1733
955 1733 955 1750
963 1170 963 1187
967 1536 973 1535
969 977 997 963
970 1985 952 1985
971 333 971 377
971 1488 971 1525
972 276 981 267
972 276 951 276
973 1800 955 1814
974 1525 973 1535
976 1095 957 1108
976 1154 963 1170
979 377 971 377
979 1613 979 1624
979 1869 987 1869
980 1376 947 1397
980 1376 997 1354
982 1624 979 1624
983 1187 1032 1185
984 706 950 706
984 706 984 735
987 92 1026 89
987 92 980 92
987 1039 987 1077
987 1039 1020 1038
987 1903 987 1869
987 1903 987 1929
988 796 997 767
989 1542 973 1542
990 541 988 548
992 1077 987 1077
993 735 984 735
995 540 990 541
995 1606 1050 1599
997 963 1015 946
997 1328 997 1354
999 228 999 238
999 1701 986 1701
999 1701 999 1718
999 1750 955 1750
999 1750 999 1718
1003 597 1000 645
1004 569 1003 597
1004 569 988 569
1007 1450 1018 1443
1008 198 999 228
1008 198 971 198
1008 1672 999 1701
1008 1672 1033 1660
1012 702 984 706
1013 238 1034 237
1016 365 979 377
1016 408 1016 365
1016 1990 1063 1983
1016 1990 1013 1990
1018 139 1065 129
1019 1718 999 1718
1020 995 1020 1038
1020 1375 1018 1404
1020 1375 1040 1371
1022 1354 1020 1375
1023 1220 1032 1185
1024 870 1033 852
1026 89 1032 27
1026 1443 1018 1443
1027 1929 987 1929
1027 1929 1027 1938
1031 986 1020 995
1031 986 1034 946
1032 1185 1033 1149
1033 767 997 767
1033 1149 1057 1145
1034 507 1022 552
1034 946 1015 946
1035 574 1022 574
1035 574 1035 591
1037 178 1008 198
1037 1237 1059 1235
1041 314 1052 358
1042 496 1034 507
1042 496 1062 495
1044 591 1035 591
1044 591 1044 601
1046 687 1046 691
1047 1439 1026 1443
1047 1439 1047 1454
1049 1689 1052 1660
1049 1689 1049 1692
1052 358 1016 365
1052 358 1068 354
1052 807 1033 807
1052 807 1052 824
1055 452 1058 438
1055 452 1055 453
1057 1119 1062 1069
1057 1119 1057 1145
1059 1235 1061 1212
1059 1235 1059 1264
1061 1707 1049 1707
1062 495 1081 493
1063 200 1063 216
1064 216 1063 216
1065 129 1065 167
1065 129 1070 113
1070 102 1078 57
1070 102 1070 113
1070 1763 1061 1763
1071 302 1041 314
1071 302 1094 277
1072 167 1065 167
1072 1295 1110 1293
1073 1264 1072 1295
1073 1264 1059 1264
1074 1877 1080 1828
1075 1308 1072 1308
1077 1904 1074 1904
1077 1904 1077 1912
1080 1692 1117 1686
1080 1692 1049 1692
1084 113 1070 113
1085 453 1098 417
1085 453 1055 453
1085 453 1085 467
1086 614 1061 614
1086 614 1086 631
1086 691 1046 691
1086 691 1086 735
1087 986 1062 1005
1087 986 1097 972
1087 1635 1061 1635
1089 824 1094 790
1089 824 1108 816
1089 824 1052 824
1090 1961 1063 1983
1090 1961 1096 1912
1094 790 1141 783
1103 673 1086 691
1103 673 1113 659
1103 1533 1103 1546
1104 1339 1110 1293
1107 1360 1106 1398
1107 1360 1124 1354
1108 816 1108 837
1111 1425 1106 1425
1111 1546 1103 1546
1113 659 1113 631
1113 659 1135 653
1114 972 1097 972
1115 198 1063 200
1115 724 1099 735
1115 1161 1121 1158
1117 1480 1111 1480
1117 1686 1117 1703
1118 1056 1072 1060
1118 1056 1118 1076
1118 1282 1110 1293
1121 1158 1121 1176
1122 837 1108 837
1122 837 1122 858
1122 1260 1118 1282
1123 97 1084 113
1124 1353 1124 1354
1124 1678 1124 1681
1125 1628 1134 1611
1127 1705 1128 1703
1128 1703 1117 1703
1129 549 1122 560
1130 948 1114 972
1130 948 1142 945
1130 1909 1096 1912
1131 895 1133 893
1132 195 1115 198
1135 546 1135 550
1135 588 1122 588
1135 588 1135 589
1137 1681 1138 1656
1137 1823 1080 1828
1138 1153 1121 1158
1138 1655 1138 1656
1139 858 1122 858
1139 858 1139 871
1141 783 1156 742
1142 30 1126 30
1142 30 1165 22
1143 1753 1135 1783
1143 1753 1152 1738
1144 589 1144 599
1144 1812 1137 1823
1145 359 1156 349
1145 384 1121 388
1145 384 1145 359
1145 384 1145 421
1145 599 1144 599
1148 1126 1138 1153
1148 1126 1154 1089
1152 421 1171 409
1152 421 1152 440
1152 1738 1174 1723
1153 1289 1153 1314
1154 1076 1154 1089
1154 1076 1156 1029
1155 550 1201 549
1155 644 1145 644
1155 1470 1117 1480
1156 1022 1156 1029
1156 1634 1164 1632
1159 1796 1135 1796
1160 1282 1118 1282
1160 1282 1153 1289
1160 1602 1160 1605
1163 1544 1111 1546
1163 1544 1164 1537
1164 1605 1164 1614
1165 6 1165 22
1165 440 1165 465
1167 302 1156 349
1167 1945 1167 1949
1169 638 1155 644
1169 638 1202 633
1169 1382 1197 1358
1171 1632 1164 1632
1171 1656 1171 1632
1171 1656 1138 1656
1171 1656 1171 1683
1173 1555 1173 1569
1175 1761 1174 1761
1176 1172 1131 1176
1177 1683 1171 1683
1177 1683 1225 1696
1178 22 1202 20
1178 22 1165 22
1179 811 1179 842
1181 1949 1187 1947
1183 1828 1180 1828
1183 1828 1183 1873
1183 1828 1188 1795
1185 1569 1210 1566
1187 1873 1183 1873
1188 1778 1188 1795
1191 1029 1191 1043
1191 1263 1197 1256
1193 345 1156 349
1193 465 1165 465
1194 464 1193 465
1197 1614 1164 1614
1197 1614 1231 1605
1198 738 1156 742
1199 1743 1175 1761
1202 633 1202 649
1205 1928 1187 1947
1205 1928 1254 1927
1207 1800 1207 1807
1209 1182 1225 1138
1209 1182 1209 1213
1211 1043 1191 1043
1212 607 1202 633
1212 1344 1197 1358
1212 1344 1218 1291
1212 1344 1251 1338
1218 1291 1191 1291
1218 1800 1220 1806
1218 1853 1219 1852
1219 38 1202 38
1219 38 1232 32
1219 1851 1219 1852
1219 1851 1220 1806
1220 1798 1218 1800
1220 1798 1243 1772
1224 468 1194 468
1225 1138 1235 1113
1225 1667 1225 1696
1226 549 1201 549
1226 1806 1220 1806
1230 1696 1225 1696
1231 1566 1231 1605
1231 1852 1251 1839
1232 2 1232 15
1233 32 1232 32
1234 134 1196 159
1234 134 1268 144
1234 310 1236 308
1236 308 1236 323
1238 1233 1268 1230
1239 1496 1239 1497
1240 377 1246 358
1240 386 1240 377
1240 478 1224 478
1240 1605 1279 1601
1240 1605 1231 1605
1242 1463 1239 1496
1242 1463 1250 1445
1245 390 1240 390
1246 323 1246 358
1247 1035 1286 1048
1249 358 1246 358
1251 1338 1251 1356
1253 760 1285 758
1254 721 1253 760
1254 1839 1251 1839
1254 1927 1267 1919
1256 1425 1250 1445
1256 1425 1290 1410
1258 556 1292 555
1258 556 1226 556
1259 15 1232 15
1260 84 1262 80
1260 682 1254 721
1260 682 1222 682
1260 682 1270 676
1262 80 1276 74
1264 945 1276 935
1266 306 1236 308
1267 864 1234 864
1268 1205 1270 1175
1268 1205 1268 1230
1269 1831 1269 1838
1270 672 1270 676
1272 1230 1272 1260
1272 1907 1266 1907
1276 46 1276 74
1278 74 1276 74
1279 1601 1292 1601
1282 202 1291 181
1282 202 1282 211
1283 227 1282 211
1284 1497 1239 1497
1284 1497 1284 1509
1285 211 1282 211
1285 758 1285 781
1285 1260 1300 1240
1286 1018 1286 1048
1286 1838 1269 1838
1286 1838 1286 1866
1290 315 1297 306
1290 1356 1290 1381
1290 1398 1290 1410
1292 144 1291 181
1292 144 1268 144
1292 144 1306 138
1292 1601 1346 1599
1292 1601 1292 1645
1292 1866 1292 1886
1293 64 1278 74
1294 781 1285 781
1295 1003 1286 1018
1295 1003 1308 988
1296 536 1292 555
1296 536 1315 513
1297 306 1279 306
1298 1381 1290 1381
1298 1645 1298 1694
1300 1219 1300 1240
1305 260 1283 260
1305 260 1305 263
1305 606 1305 652
1305 678 1307 676
1305 678 1270 676
1306 131 1306 138
1307 676 1314 663
1309 1694 1298 1694
1312 49 1293 64
1313 905 1313 930
1314 652 1314 663
1318 503 1315 513
1318 503 1325 458
1318 1509 1284 1509
1321 1886 1338 1884
1321 1886 1292 1886
1323 512 1315 513
1323 512 1323 520
1325 458 1338 455
1325 1637 1298 1645
1325 1750 1325 1756
1326 1051 1338 1053
1328 1240 1363 1236
1328 1240 1300 1240
1332 1410 1290 1410
1332 1410 1332 1443
1333 1756 1343 1721
1333 1756 1325 1756
1335 973 1308 988
1336 303 1297 306
1336 303 1336 321
1338 263 1336 303
1338 263 1305 263
1338 455 1350 454
1338 566 1350 551
1338 1042 1338 1053
1339 321 1336 321
1340 930 1340 945
1341 259 1338 263
1341 259 1358 256
1341 1300 1341 1332
1342 1297 1341 1300
1343 1721 1360 1712
1344 1819 1344 1834
1346 663 1314 663
1353 1019 1338 1042
1353 1955 1362 1923
1354 219 1354 239
1357 190 1357 198
1357 520 1350 551
1360 239 1358 256
1360 239 1383 239
1360 239 1354 239
1360 1294 1342 1297
1360 1294 1363 1251
1360 1443 1332 1443
1360 1443 1388 1424
1362 1906 1338 1906
1362 1906 1378 1872
1369 198 1376 182
1369 198 1357 198
1370 1053 1370 1086
1374 515 1357 520
1374 515 1401 499
1376 882 1376 891
1376 882 1417 882
1378 1157 1378 1181
1378 1157 1410 1153
1378 1867 1378 1872
1379 1712 1390 1663
1383 1502 1392 1492
1384 698 1385 679
1385 644 1352 644
1385 1872 1378 1872
1385 1872 1391 1834
1387 1369 1385 1369
1387 1369 1387 1404
1387 1506 1383 1506
1387 1506 1387 1512
1388 1404 1387 1404
1388 1404 1388 1424
1390 177 1393 160
1390 1663 1418 1664
1391 1777 1400 1739
1391 1777 1391 1834
1392 1834 1391 1834
1393 144 1429 100
1393 679 1410 678
1394 855 1417 851
1396 760 1396 762
1397 1086 1370 1086
1398 624 1398 599
1398 624 1398 631
1398 1512 1398 1547
1398 1547 1398 1561
1400 593 1398 599
1401 499 1402 498
1401 1492 1392 1492
1402 498 1418 486
1403 795 1452 792
1403 1923 1403 1940
1405 1117 1411 1093
1405 1117 1405 1123
1406 1734 1400 1739
1406 1734 1433 1730
1410 678 1413 674
1410 762 1403 795
1410 1123 1405 1123
1411 1093 1437 1092
1413 184 1413 191
1413 319 1432 315
1413 1940 1403 1940
1415 760 1410 762
1417 851 1417 882
1418 300 1413 319
1418 1655 1418 1664
1420 882 1420 921
1425 212 1415 212
1427 1716 1427 1722
1429 100 1451 62
1432 315 1432 339
1433 1722 1427 1722
1435 1561 1458 1546
1436 1368 1436 1410
1437 921 1420 921
1437 1092 1448 1087
1438 674 1413 674
1441 468 1441 481
1441 1410 1436 1410
1442 339 1442 347
1445 1038 1445 1054
1445 1664 1448 1628
1445 1664 1418 1664
1446 1576 1442 1612
1448 1054 1445 1054
1448 1628 1452 1625
1449 1935 1413 1940
1449 1935 1459 1923
1451 55 1451 62
1452 1730 1433 1730
1452 1730 1452 1735
1453 1087 1448 1087
1454 810 1454 824
1458 1543 1458 1546
1458 1735 1452 1735
1459 1923 1482 1934
1461 479 1456 481
1461 479 1461 520
1462 396 1428 402
1463 347 1481 341
1464 1800 1509 1798
1465 286 1465 296
1465 824 1454 824
1475 520 1506 509
1475 520 1461 520
1475 520 1475 528
1475 1740 1458 1740
1476 1408 1441 1410
1477 528 1475 528
1481 341 1504 341
1481 531 1477 531
1482 1934 1514 1919
1483 425 1476 426
1484 396 1462 396
1484 396 1483 425
1484 1401 1476 1408
1485 1321 1485 1369
1486 62 1451 62
1486 1516 1535 1513
1487 774 1479 774
1487 1000 1487 1002
1489 565 1523 560
1489 1625 1452 1625
1489 1625 1482 1654
1489 1625 1497 1616
1490 1369 1485 1369
1490 1369 1509 1366
1491 297 1486 297
1491 297 1493 286
1491 617 1491 629
1492 1109 1497 1104
1493 246 1493 283
1493 283 1493 286
1494 573 1489 573
1495 194 1493 246
1496 1546 1486 1546
1504 341 1504 377
1504 341 1525 329
1509 377 1509 388
1509 1365 1510 1361
1509 1446 1509 1453
1509 1798 1520 1782
1511 1099 1497 1104
1511 1955 1514 1919
1512 135 1480 142
1516 388 1516 415
1517 857 1542 857
1518 115 1512 135
1518 177 1495 194
1518 177 1512 151
1518 629 1491 629
1520 295 1517 295
1522 467 1570 464
1525 322 1525 329
1525 1577 1525 1599
1527 1599 1525 1599
1527 1599 1527 1621
1528 1453 1509 1453
1528 1453 1575 1454
1530 646 1518 646
1530 646 1547 634
1530 1307 1485 1321
1531 1272 1530 1307
1532 1944 1532 1951
1534 776 1534 800
1535 1513 1535 1530
1536 1951 1555 1951
1540 1621 1540 1624
1542 151 1512 151
1542 151 1542 158
1542 857 1573 850
1542 857 1542 900
1545 560 1523 560
1545 560 1545 579
1546 900 1546 908
1547 291 1520 295
1547 617 1545 579
1548 1624 1540 1624
1548 1624 1548 1669
1550 1002 1550 1026
1552 232 1547 291
1553 1710 1553 1719
1554 1530 1535 1530
1554 1699 1553 1710
1554 1699 1564 1693
1554 1699 1538 1699
1554 1858 1578 1854
1555 1951 1580 1919
1560 1765 1560 1778
1561 908 1546 908
1561 908 1561 921
1562 1366 1509 1366
1563 800 1534 800
1563 800 1599 798
1566 319 1525 322
1568 669 1571 634
1568 1215 1524 1215
1568 1215 1568 1224
1569 1669 1576 1663
1569 1669 1548 1669
1569 1669 1569 1681
1570 432 1567 432
1571 579 1545 579
1571 579 1571 583
1571 634 1547 634
1571 1778 1577 1774
1572 459 1570 459
1572 708 1568 708
1572 708 1572 712
1573 850 1575 822
1574 1681 1569 1681
1575 1445 1581 1417
1576 1663 1621 1666
1577 1133 1612 1127
1577 1719 1553 1719
1579 921 1561 921
1579 1099 1577 1133
1580 1917 1580 1919
1581 1417 1588 1380
1587 424 1570 432
1587 424 1613 449
1588 1380 1562 1380
1590 1854 1578 1854
1593 1919 1590 1919
1598 1454 1575 1454
1599 774 1603 754
1602 976 1608 946
1602 1350 1588 1380
1604 1251 1591 1251
1606 1846 1590 1854
1607 1206 1576 1206
1608 944 1608 946
1609 488 1609 525
1611 1462 1598 1462
1611 1462 1611 1486
1612 1127 1619 1105
1613 449 1609 488
1613 811 1607 811
1613 811 1613 825
1616 1689 1621 1666
1616 1689 1616 1706
1617 1996 1665 1991
1619 643 1618 644
1619 1105 1647 1105
1624 706 1603 714
1626 407 1613 449
1626 407 1628 382
1628 369 1628 382
1628 825 1640 817
1629 1706 1623 1717
1630 1312 1632 1255
1635 946 1652 931
1636 251 1636 305
1638 589 1611 589
1638 589 1638 601
1640 850 1640 817
1641 1486 1611 1486
1642 6 1642 7
1644 1500 1641 1500
1644 1515 1644 1501
1644 1637 1621 1666
1644 1637 1645 1623
1645 99 1580 99
1645 99 1645 121
1645 221 1654 203
1645 1025 1580 1026
1645 1025 1695 1020
1645 1259 1649 1255
1645 1623 1654 1578
1645 1694 1629 1706
1647 1105 1697 1105
1650 626 1645 658
1650 626 1659 610
1650 1878 1650 1900
1650 1878 1653 1830
1652 909 1630 909
1652 909 1652 931
1652 1501 1661 1497
1653 1817 1653 1830
1654 203 1655 199
1654 931 1652 931
1654 1531 1644 1519
1656 333 1647 333
1659 121 1645 121
1660 229 1645 229
1661 1497 1696 1488
1662 1900 1662 1911
1663 610 1659 610
1663 610 1682 612
1664 771 1599 774
1664 1519 1644 1519
1665 1255 1649 1255
1665 1255 1676 1228
1665 1961 1662 1961
1665 1961 1665 1991
1666 1078 1647 1105
1668 477 1690 454
1669 387 1669 403
1669 763 1664 771
1671 583 1659 601
1672 382 1669 387
1672 382 1628 382
1672 1578 1654 1578
1676 56 1688 41
1676 1200 1686 1187
1676 1200 1676 1228
1677 1399 1663 1399
1682 840 1640 850
1684 203 1654 203
1684 410 1686 403
1684 410 1731 408
1684 410 1684 438
1686 403 1669 403
1686 1187 1731 1171
1686 1991 1665 1991
1686 1991 1686 1997
1687 176 1684 203
1687 176 1698 170
1694 1052 1666 1078
1695 65 1733 64
1695 65 1676 65
1695 1001 1695 1020
1695 1911 1695 1915
1697 1850 1715 1847
1698 169 1698 170
1701 1834 1697 1850
1704 1475 1696 1488
1704 1475 1726 1477
1705 1020 1695 1020
1706 1228 1719 1226
1712 1557 1712 1595
1713 1595 1712 1595
1713 1595 1713 1614
1714 1423 1704 1423
1714 1423 1714 1442
1714 1757 1707 1771
1717 700 1707 730
1717 700 1739 665
1719 931 1728 928
1719 1226 1719 1252
1720 7 1642 7
1721 612 1719 585
1725 987 1719 987
1725 987 1725 1001
1725 1448 1725 1472
1726 1472 1725 1472
1728 928 1733 911
1729 170 1737 133
1729 170 1698 170
1730 1310 1730 1325
1732 253 1724 280
1733 910 1700 910
1733 910 1733 911
1733 1294 1730 1310
1733 1294 1740 1270
1735 219 1735 220
1737 1001 1725 1001
1739 220 1735 220
1740 585 1740 597
1740 1263 1746 1252
1740 1263 1740 1270
1742 764 1740 764
1746 636 1739 665
1746 1603 1731 1614
1746 1603 1755 1604
1751 194 1729 194
1751 194 1751 218
1752 911 1781 899
1752 1997 1686 1997
1754 766 1742 766
1755 1601 1776 1562
1759 1690 1766 1689
1760 218 1790 204
1760 218 1751 218
1760 849 1752 911
1762 1077 1791 1070
1763 1763 1763 1781
1764 78 1733 78
1765 1330 1767 1302
1765 1330 1738 1330
1765 1330 1765 1333
1766 1672 1708 1676
1766 1672 1766 1689
1767 597 1767 604
1768 38 1764 78
1772 1421 1714 1423
1772 1689 1815 1685
1773 0 1720 7
1773 0 1768 38
1773 358 1773 359
1774 312 1757 338
1774 312 1785 289
1777 1812 1763 1781
1779 459 1799 430
1779 459 1779 473
1781 981 1781 998
1782 1901 1782 1909
1784 1174 1806 1171
1784 1174 1752 1174
1785 239 1790 204
1785 239 1803 234
1785 239 1785 289
1789 289 1785 289
1789 1543 1776 1562
1789 1543 1805 1526
1790 204 1797 178
1790 784 1821 758
1790 784 1754 784
1791 1285 1791 1294
1793 998 1791 1032
1799 430 1811 418
1801 1070 1791 1070
1802 1715 1815 1685
1803 234 1822 215
1803 562 1811 550
1803 604 1800 659
1803 604 1803 562
1805 947 1830 936
1805 1506 1805 1508
1806 1171 1806 1194
1807 1781 1820 1769
1811 418 1827 418
1813 677 1800 677
1815 1685 1850 1668
1820 1064 1801 1070
1820 1769 1825 1769
1821 758 1842 749
1824 362 1824 369
1825 1307 1825 1317
1827 176 1797 178
1827 394 1824 394
1827 394 1827 418
1828 86 1828 87
1828 1317 1825 1317
1828 1317 1828 1330
1833 87 1828 87
1833 87 1833 89
1833 1473 1835 1445
1834 1194 1806 1194
1834 1790 1882 1776
1837 1208 1834 1208
1839 1054 1820 1064
1839 1054 1861 1046
1840 418 1827 418
1840 1909 1853 1895
1843 1508 1833 1508
1845 1330 1845 1341
1849 1341 1845 1341
1850 1668 1852 1638
1852 1627 1837 1630
1852 1627 1852 1638
1853 1895 1861 1876
1855 369 1866 333
1855 369 1824 369
1860 932 1892 919
1860 932 1843 932
1866 333 1886 333
1867 387 1873 385
1868 157 1827 176
1870 11 1832 30
1870 89 1870 118
1870 536 1887 510
1870 536 1870 543
1871 133 1868 157
1871 133 1870 118
1875 1121 1916 1121
1877 118 1898 107
1877 118 1870 118
1877 156 1868 157
1877 156 1917 147
1877 1198 1834 1198
1877 1198 1877 1204
1878 637 1876 669
1881 1931 1881 1935
1882 1737 1882 1776
1885 335 1885 341
1885 1868 1861 1876
1885 1868 1885 1897
1886 333 1885 335
1886 1776 1886 1822
1887 568 1870 568
1887 1897 1900 1895
1887 1897 1885 1897
1889 434 1919 413
1890 1822 1929 1816
1890 1822 1886 1822
1892 919 1892 951
1894 1044 1861 1046
1895 1503 1843 1508
1895 1503 1908 1480
1897 1204 1877 1204
1897 1935 1897 1988
1899 814 1906 806
1899 1638 1899 1665
1900 1895 1924 1891
1901 1410 1901 1428
1902 1245 1897 1245
1904 1282 1904 1254
1905 625 1878 637
1906 104 1898 107
1906 104 1914 71
1906 769 1906 806
1908 1473 1908 1480
1909 1605 1899 1638
1909 1605 1922 1596
1910 1037 1894 1044
1910 1037 1957 1035
1910 1037 1908 995
1911 687 1911 688
1912 1988 1897 1988
1913 341 1927 330
1913 341 1885 341
1915 31 1914 71
1915 712 1911 712
1915 806 1906 806
1916 1121 1916 1138
1918 394 1918 410
1919 239 1919 257
1919 239 1938 213
1919 413 1920 410
1924 372 1913 372
1924 1891 1935 1871
1924 1891 1924 1901
1927 330 1935 333
1927 1118 1916 1121
1929 1816 1936 1804
1930 1447 1930 1480
1931 1426 1924 1428
1931 1426 1930 1447
1932 445 1954 427
1932 1989 1912 1989
1932 1989 1997 1999
1933 1200 1897 1204
1933 1212 1933 1200
1935 326 1944 299
1935 326 1935 333
1935 543 1935 561
1938 192 1938 213
1938 1732 1938 1748
1942 972 1918 995
1944 299 1952 267
1944 1480 1944 1490
1946 1727 1946 1734
1947 1490 1944 1490
1950 407 1920 410
1952 138 1917 147
1952 257 1919 257
1953 61 1914 71
1955 135 1952 138
1955 135 1960 128
1961 1475 1944 1480
1961 1888 1949 1901
1961 1888 1981 1849
1962 1167 1995 1148
1962 1167 1918 1167
1966 928 1966 946
1967 1243 1964 1247
1967 1243 1986 1230
1967 1566 1967 1612
1968 677 1968 688
1968 1533 1967 1566
1968 1533 1992 1517
1969 1188 1967 1243
1969 1188 1962 1188
1973 319 1948 333
1973 319 1973 365
1975 1080 1981 1057
1977 427 1977 454
1980 454 1977 454
1980 602 1981 575
1981 575 1991 571
1981 1849 1996 1836
1982 867 1996 849
1982 867 1982 900
1982 1783 1936 1804
1988 363 1976 365
1991 571 1993 542
1992 1264 1986 1264
1993 717 1993 727
1996 849 1947 849
1996 1386 1931 1426
1997 1958 1997 1979
1997 1979 1997 1999
1998 447 1980 454
1998 1057 1981 1057
1999 0 1953 61
1999 1999 1997 1999
0 29 16 29
3 1589 3 1583
3 1589 5 1589
7 1755 7 1750
5 1611 3 1644
5 1611 5 1589
11 1474 11 1440
15 497 16 497
21 1699 48 1699
13 760 13 712
4 1404 4 1384
27 634 23 673
24 1262 22 1271
24 1262 29 1262
13 634 13 631
13 634 27 634
16 43 9 76
16 43 16 29
34 189 34 151
34 189 68 189
40 782 40 757
40 782 67 782
25 1742 40 1742
37 1998 0 1999
37 1998 37 1986
37 1998 45 1998
31 387 31 386
31 387 48 387
48 1739 40 1742
48 1739 49 1780
47 1800 23 1800
56 471 56 463
54 870 66 870
49 909 49 896
49 909 66 909
49 1817 49 1800
49 1817 69 1817
60 1977 70 1977
70 1998 70 1977
70 1998 106 1998
73 306 118 306
76 243 60 248
76 1714 52 1698
77 1221 98 1221
79 453 79 446
83 913 83 906
47 1301 47 1297
47 1301 84 1301
9 78 9 76
9 78 85 78
30 1524 30 1518
55 682 97 682
97 698 97 682
97 698 106 698
99 1048 92 1060
99 1048 99 1014
99 1048 107 1048
103 1729 118 1729
115 221 102 228
115 1785 124 1785
115 1785 115 1772
115 416 121 416
121 445 79 446
121 445 121 416
121 445 133 445
121 1407 120 1444
121 1407 147 1407
121 1407 121 1371
121 1371 121 1364
121 1371 181 1371
122 233 122 221
124 1808 125 1808
127 867 127 857
127 867 149 867
130 683 130 659
132 248 127 279
132 248 132 233
133 493 133 449
133 449 133 445
135 516 137 516
135 516 135 501
134 122 134 40
134 122 138 122
145 1784 156 1784
137 1981 149 1981
120 792 79 796
151 644 171 644
174 1655 115 1655
174 1655 174 1642
174 1655 197 1655
185 868 216 868
191 1929 191 1868
186 257 162 257
192 273 170 301
192 273 192 264
192 264 192 257
198 413 217 413
203 775 208 775
203 775 203 731
203 731 234 731
149 1982 149 1981
202 1982 149 1982
176 1762 145 1772
176 1762 204 1762
203 1984 203 1982
203 1984 207 1984
212 1139 212 1113
216 907 241 907
204 1766 204 1762
204 1766 228 1766
221 1849 205 1860
221 1849 221 1846
177 1499 177 1489
177 1499 232 1499
232 1526 232 1499
232 1526 247 1526
234 731 234 675
197 1056 195 1099
197 1056 236 1056
239 47 284 47
197 1672 239 1672
232 282 232 264
232 282 247 282
247 1527 245 1541
247 1527 247 1526
247 1527 278 1527
249 1326 249 1313
249 1326 260 1326
249 1389 249 1378
230 1151 230 1139
230 1151 256 1151
253 309 262 309
261 1033 263 1033
263 1833 231 1849
263 1833 263 1826
263 1833 268 1833
242 1000 270 1000
271 407 271 391
271 407 272 407
278 240 253 280
250 1698 234 1707
254 1174 254 1172
278 1527 278 1523
278 1527 279 1527
279 1532 279 1527
283 1547 286 1547
286 222 286 213
288 153 314 153
255 1632 255 1623
255 1632 289 1632
289 1665 278 1698
289 1665 289 1632
284 92 275 106
284 92 284 47
280 1321 280 1303
280 1321 286 1345
280 1321 296 1321
302 567 302 531
302 567 308 567
302 567 284 567
305 1263 325 1263
301 683 301 658
306 705 306 683
284 567 242 580
284 567 284 564
279 1178 309 1178
309 1180 302 1194
307 348 314 348
286 1577 286 1547
286 1577 289 1632
318 1867 318 1816
318 1867 344 1867
302 1224 305 1246
314 155 314 153
325 169 325 155
305 417 305 387
305 417 334 417
334 837 334 827
334 837 340 837
284 241 284 240
342 979 342 971
342 979 354 979
346 1147 346 1141
346 1147 356 1147
350 445 350 409
304 480 303 525
304 480 304 476
326 1367 326 1343
326 1367 354 1367
354 1383 354 1367
354 1383 372 1383
324 51 284 47
324 51 324 11
324 51 355 51
361 1277 361 1256
368 1562 389 1562
365 567 370 567
371 987 354 979
371 987 379 987
372 463 352 480
367 1550 367 1535
367 1550 368 1558
374 1104 374 1080
374 1104 374 1140
377 624 377 615
377 624 421 624
373 1791 373 1721
379 1011 379 987
379 1011 384 1011
380 1192 380 1190
380 1192 406 1192
385 336 385 280
337 1067 327 1072
337 1067 337 1062
337 1067 385 1067
384 1021 384 1011
390 1051 390 1021
387 924 391 924
396 1327 396 1295
393 48 355 51
393 48 379 81
393 48 397 48
393 48 393 20
386 128 386 114
386 128 403 128
404 1108 404 1104
404 1108 453 1108
378 1815 378 1791
378 1815 413 1815
408 1857 408 1839
408 1857 415 1857
399 228 390 247
399 228 399 191
399 228 419 228
410 1536 393 1545
410 1536 410 1513
421 653 444 653
421 837 418 872
403 138 400 183
393 20 393 13
393 20 425 20
422 809 422 770
398 342 398 336
440 1981 464 1981
433 349 433 342
433 349 441 349
441 366 412 378
442 448 442 438
442 448 442 474
444 1806 444 1783
444 1806 476 1806
445 1023 445 1010
445 1023 451 1023
453 1108 451 1161
453 1108 453 1070
453 1108 458 1108
451 1040 451 1023
451 1040 453 1070
451 1170 461 1170
462 861 498 861
462 1721 462 1701
462 1721 484 1721
444 675 444 653
464 690 464 675
464 690 502 690
467 1586 471 1586
461 1185 471 1185
471 1588 497 1588
473 637 444 653
473 637 473 596
476 1820 462 1850
476 1820 476 1806
476 1820 520 1820
478 357 478 354
478 357 532 357
467 553 467 513
484 1724 523 1724
458 1109 458 1108
493 165 482 198
481 1307 481 1272
488 1409 502 1409
503 1894 503 1886
503 1894 515 1894
500 989 492 999
500 989 500 964
502 1423 502 1409
502 1423 511 1423
467 1548 467 1546
467 1548 513 1548
467 1548 467 1586
496 266 515 266
497 1637 497 1588
512 681 502 690
512 681 521 681
522 1143 522 1098
522 1098 485 1109
520 1865 515 1894
523 1746 523 1724
523 1746 536 1795
523 1746 560 1746
526 1314 526 1304
527 114 538 114
530 1634 548 1634
526 1482 513 1534
526 1482 526 1441
542 1490 542 1482
542 1490 556 1490
503 788 498 861
503 788 545 788
500 964 500 961
500 964 545 964
545 971 545 964
546 976 580 976
551 1250 540 1253
551 1250 551 1238
551 1250 565 1250
556 1493 556 1490
556 1493 575 1493
558 164 558 156
561 704 561 668
561 704 580 704
505 1961 505 1933
505 1961 561 1961
562 571 582 571
574 490 574 465
580 706 580 704
580 706 620 706
580 976 580 953
580 976 582 976
582 988 582 976
582 988 585 1041
582 988 620 988
586 164 586 126
586 164 558 164
558 919 558 886
558 919 587 919
588 30 578 39
588 30 607 30
587 940 580 953
594 515 594 490
594 515 597 515
597 534 618 534
593 205 593 164
604 1841 604 1839
604 1841 655 1841
613 1711 614 1711
613 1711 605 1711
586 1100 586 1076
586 1100 616 1100
617 1729 617 1715
617 1729 621 1729
624 1348 624 1340
625 215 625 200
627 692 620 706
627 692 645 692
631 1171 634 1171
611 1180 633 1180
633 1211 640 1211
579 1530 634 1530
635 249 640 249
641 1076 616 1100
641 1076 650 1076
621 1750 621 1729
644 760 644 746
644 760 648 760
648 764 648 760
649 1249 649 1241
649 1249 658 1289
638 328 638 303
651 428 605 432
651 428 662 428
652 1171 659 1171
653 1399 626 1397
653 1399 653 1394
655 1876 655 1841
655 1876 656 1876
661 299 661 271
662 461 638 474
662 461 662 445
663 1828 655 1841
651 1054 650 1076
651 1054 664 1054
666 655 666 651
668 493 668 461
674 515 674 493
669 586 657 583
669 586 679 586
686 548 686 515
686 548 690 548
690 569 669 574
690 569 690 548
690 569 722 569
687 778 687 764
691 827 691 778
691 827 694 827
691 964 691 945
691 964 694 964
682 1180 682 1164
682 1180 695 1180
695 1214 688 1220
713 1331 713 1314
716 1870 716 1853
716 1870 717 1870
673 24 634 18
673 24 717 24
699 393 699 368
713 488 674 493
713 488 713 476
713 488 725 488
725 525 731 525
699 990 732 990
731 127 717 130
738 134 749 134
740 268 740 257
740 268 755 268
742 36 731 60
731 1123 731 1102
753 1361 753 1331
756 400 756 389
756 400 785 400
756 1700 756 1685
756 450 756 400
720 1461 720 1460
720 1461 759 1461
759 1581 759 1580
724 704 763 704
763 710 766 710
763 705 763 710
738 1066 764 1066
769 49 814 49
766 722 766 710
766 722 778 722
782 1592 782 1581
794 1746 775 1767
794 1746 794 1743
801 1273 780 1292
789 1441 759 1461
789 1441 809 1441
785 414 785 400
811 434 811 414
811 434 818 434
797 1406 815 1406
801 557 800 631
814 49 804 85
814 49 818 49
818 779 821 779
822 1222 832 1222
822 1817 822 1791
822 1817 830 1817
824 1175 822 1200
824 1175 829 1175
827 1608 827 1592
827 1608 833 1608
808 1149 808 1136
808 1149 831 1149
836 183 836 175
836 183 845 183
831 465 831 447
829 1177 829 1175
829 1177 836 1177
839 208 818 226
839 208 839 191
833 1616 833 1608
843 1733 841 1746
829 23 814 27
829 23 829 19
829 23 845 23
845 37 845 23
846 143 845 183
846 143 846 142
841 1767 841 1746
855 864 855 848
855 864 867 864
856 1113 866 1113
816 829 816 802
812 1871 812 1868
866 1129 866 1113
872 1531 872 1513
872 1531 891 1531
878 1603 866 1605
881 1611 881 1641
881 1642 881 1641
881 1642 911 1642
882 144 893 144
885 918 885 894
864 1756 864 1733
887 46 881 48
887 46 887 37
888 449 891 449
878 102 889 102
890 508 887 516
890 508 890 505
879 1898 890 1898
890 1936 898 1936
843 402 811 414
843 402 843 401
843 402 892 402
892 419 888 433
892 419 892 402
886 195 886 184
894 198 898 198
894 1040 894 1035
870 1450 870 1425
870 1450 894 1450
895 1328 895 1314
844 1936 890 1936
901 18 887 37
901 18 901 10
901 18 932 18
903 1352 851 1349
893 163 886 184
893 163 893 144
887 538 887 516
893 1378 890 1389
893 1378 904 1378
905 438 905 419
906 926 913 926
909 1231 909 1220
885 1775 885 1756
909 213 909 204
909 213 911 213
894 992 899 1014
894 992 912 992
914 1654 914 1652
919 1546 919 1530
919 1546 932 1546
920 1265 929 1265
889 104 889 119
918 70 918 52
918 70 925 70
914 323 927 323
939 418 905 419
939 418 939 392
940 1314 940 1262
940 1314 948 1314
940 1314 895 1314
944 377 944 370
928 220 911 213
928 220 928 196
933 267 914 289
933 267 947 267
947 522 947 508
952 541 990 541
909 667 953 667
933 1775 933 1774
955 1775 955 1814
955 1775 957 1775
955 1775 933 1775
963 1187 983 1187
971 198 971 191
955 1488 971 1488
971 1525 974 1525
952 422 974 422
971 377 944 377
980 92 962 97
980 92 980 51
950 706 950 704
973 1542 973 1535
989 1606 979 1613
989 1606 995 1606
987 1077 976 1095
993 752 993 735
993 752 997 752
997 767 997 752
986 1701 986 1694
955 1750 955 1775
988 569 988 548
981 1450 981 1435
981 1450 1007 1450
999 238 1013 238
1013 1990 1013 1958
1013 1990 970 1990
1015 946 1015 934
970 1990 970 1985
1018 1443 1018 1404
1020 1038 1021 1038
1022 574 1004 569
1022 574 1022 552
997 1354 1022 1354
1023 1237 1023 1220
1023 1237 1037 1237
1027 1938 1013 1958
1027 1938 1028 1938
1031 1005 1031 986
1031 1005 1062 1005
1044 601 1046 601
1049 1692 1049 1707
1050 1599 1050 1555
1050 1599 1061 1599
1033 807 1033 767
1033 807 1033 852
1033 1660 1033 1649
1033 1660 1052 1660
1057 1145 1060 1145
1046 602 1046 601
1046 602 1061 602
1062 1047 1062 1005
1062 1047 1069 1047
1065 167 1037 178
1065 167 1063 200
1069 1060 1062 1069
1069 1060 1069 1047
1069 1060 1072 1060
1061 1763 1061 1707
1072 1308 1067 1312
1072 1308 1072 1295
1047 1454 1077 1454
1074 1904 1074 1877
1077 1912 1096 1912
1024 880 1024 870
1024 880 1078 880
1061 614 1061 602
1046 691 1012 702
1061 1635 1052 1660
1061 1635 1061 1599
1086 735 1099 735
1085 467 1081 493
1085 467 1102 467
1102 468 1102 467
1102 468 1130 468
1106 1425 1106 1398
1104 1360 1104 1339
1104 1360 1107 1360
1086 631 1113 631
1097 972 1097 967
1111 1480 1111 1425
1118 1076 1117 1097
1118 1076 1154 1076
1131 927 1130 948
1131 927 1131 895
1131 927 1134 927
1121 1176 1131 1176
1135 550 1129 549
1135 550 1155 550
1122 588 1122 560
1135 589 1144 589
1124 1681 1117 1686
1124 1681 1137 1681
1126 30 1126 24
1145 644 1135 653
1145 644 1145 599
1145 421 1152 421
1153 1314 1158 1314
1135 1796 1135 1783
1135 1796 1144 1812
1139 871 1133 893
1139 871 1160 871
1160 871 1163 871
1163 1555 1163 1544
1163 1555 1173 1555
1160 1605 1134 1611
1160 1605 1164 1605
1152 440 1165 440
1154 1089 1165 1089
1167 1949 1181 1949
1164 1632 1164 1614
1175 811 1160 828
1175 811 1175 809
1175 811 1179 811
1175 1778 1175 1761
1175 1778 1188 1778
1176 1182 1176 1172
1176 1182 1209 1182
1171 1683 1155 1697
1171 1683 1174 1723
1179 842 1183 842
1183 853 1163 871
1183 853 1183 842
1183 853 1234 853
1173 1569 1185 1569
1163 904 1163 871
1163 904 1186 904
1186 913 1186 904
1186 913 1211 913
1156 1029 1191 1029
1165 465 1130 468
1202 38 1202 20
1202 649 1211 649
1188 1795 1159 1796
1188 1795 1202 1795
1202 1800 1202 1795
1202 1800 1207 1800
1207 1807 1210 1807
1209 1213 1234 1213
1210 1566 1210 1541
1210 1566 1231 1566
1211 674 1211 649
1211 674 1222 674
1191 1291 1160 1282
1191 1291 1191 1263
1219 1852 1231 1852
1222 682 1222 674
1194 468 1193 465
1201 549 1201 519
1226 556 1224 571
1226 556 1226 549
1220 1806 1210 1807
1232 15 1232 32
1232 32 1229 54
1206 985 1206 978
1206 985 1233 985
1233 1035 1211 1043
1233 1035 1233 985
1233 1035 1247 1035
1234 864 1234 853
1234 1233 1234 1213
1234 1233 1238 1233
1236 323 1246 323
1224 478 1224 468
1240 390 1240 386
1251 1839 1251 1838
1259 46 1259 15
1259 46 1276 46
1260 101 1260 84
1260 101 1268 101
1266 1907 1266 1893
1266 1907 1267 1919
1268 144 1268 101
1269 1838 1254 1839
1268 1230 1272 1230
1272 1260 1285 1260
1282 211 1216 211
1283 260 1283 227
1286 1048 1306 1048
1251 1356 1290 1356
1290 1381 1290 1398
1292 560 1292 555
1292 560 1293 560
1286 1866 1292 1866
1279 306 1266 306
1279 306 1279 301
1292 1645 1298 1645
1294 806 1294 781
1294 806 1305 806
1306 138 1336 138
1313 930 1276 935
1313 930 1340 930
1305 652 1314 652
1292 1886 1266 1893
1323 520 1357 520
1306 1051 1301 1070
1306 1051 1306 1048
1306 1051 1326 1051
1338 1906 1338 1884
1336 321 1329 353
1340 945 1335 973
1340 945 1372 945
1357 198 1354 219
1363 1251 1363 1236
1363 1251 1402 1251
1338 1053 1370 1053
1367 1157 1367 1148
1367 1157 1378 1157
1360 1712 1360 1710
1360 1712 1379 1712
1379 1739 1379 1712
1379 1739 1400 1739
1383 254 1383 239
1383 254 1403 254
1383 1506 1383 1502
1376 891 1372 945
1376 891 1384 891
1352 644 1346 663
1352 644 1352 634
1385 1369 1385 1356
1390 184 1376 182
1390 184 1390 177
1390 184 1413 184
1344 1834 1391 1834
1393 160 1393 144
1393 160 1396 160
1385 679 1385 644
1385 679 1393 679
1371 760 1371 753
1371 760 1396 760
1397 1093 1397 1086
1397 1093 1411 1093
1387 1512 1398 1512
1398 1561 1435 1561
1392 1492 1392 1489
1362 1923 1362 1906
1362 1923 1403 1923
1382 1117 1382 1114
1382 1117 1405 1117
1388 1424 1406 1424
1396 762 1410 762
1413 208 1415 208
1413 208 1413 191
1413 674 1413 668
1417 882 1420 882
1415 212 1415 208
1398 631 1385 644
1398 631 1426 631
1410 1153 1410 1123
1410 1153 1430 1153
1432 339 1442 339
1433 1730 1433 1722
1433 1753 1435 1753
1433 1753 1433 1730
1436 1410 1406 1424
1441 481 1418 486
1441 481 1456 481
1442 347 1463 347
1435 1576 1435 1561
1435 1576 1446 1576
1448 1087 1448 1054
1442 1628 1442 1612
1442 1628 1448 1628
1452 810 1452 792
1452 810 1454 810
1413 191 1456 191
1458 1740 1458 1735
1453 1108 1453 1087
1453 1108 1459 1108
1462 748 1462 729
1462 748 1479 748
1477 531 1477 528
1479 774 1479 748
1481 565 1481 531
1481 565 1489 565
1485 1369 1484 1401
1465 296 1486 296
1486 297 1486 296
1486 1546 1486 1516
1486 1546 1458 1546
1489 573 1458 578
1489 573 1489 565
1459 1109 1459 1108
1459 1109 1492 1109
1493 286 1517 286
1456 194 1456 191
1456 194 1495 194
1487 810 1454 810
1487 810 1495 810
1487 810 1487 776
1495 1210 1495 1187
1495 1210 1524 1210
1502 415 1483 425
1502 415 1502 412
1502 415 1516 415
1504 377 1509 377
1509 1473 1510 1473
1509 1473 1509 1453
1512 151 1512 135
1509 388 1516 388
1517 295 1517 286
1518 646 1518 629
1520 303 1520 295
1520 303 1524 303
1516 467 1506 509
1516 467 1516 415
1516 467 1522 467
1523 560 1523 552
1524 1215 1524 1210
1524 1215 1531 1272
1525 329 1529 329
1524 310 1524 303
1524 310 1525 322
1524 310 1528 310
1487 776 1487 774
1487 776 1534 776
1532 1951 1511 1955
1532 1951 1536 1951
1538 1699 1538 1689
1527 1621 1497 1616
1527 1621 1540 1621
1542 158 1544 158
1542 900 1546 900
1547 634 1547 617
1487 1002 1550 1002
1553 1719 1560 1765
1509 1366 1509 1365
1568 708 1562 725
1568 708 1568 669
1568 1224 1591 1224
1567 432 1567 398
1560 1778 1520 1782
1560 1778 1571 1778
1570 459 1570 432
1570 459 1570 464
1572 712 1588 712
1569 1681 1564 1693
1563 822 1563 800
1563 822 1575 822
1575 1454 1575 1445
1576 1206 1568 1215
1576 1206 1576 1204
1577 1774 1581 1774
1580 99 1580 80
1550 1026 1580 1026
1562 1380 1562 1366
1578 1854 1578 1850
1578 1854 1580 1917
1591 1230 1591 1224
1580 1919 1590 1919
1599 798 1599 774
1599 798 1607 798
1588 714 1588 712
1588 714 1603 714
1591 1251 1591 1230
1607 811 1607 798
1579 944 1579 921
1579 944 1608 944
1608 946 1635 946
1603 754 1603 714
1603 754 1609 754
1571 583 1611 583
1598 1462 1598 1454
1616 1706 1629 1706
1618 658 1618 644
1618 658 1645 658
1609 525 1625 525
1613 825 1628 825
1630 909 1630 900
1636 305 1647 305
1611 589 1611 583
1638 601 1659 601
1611 1486 1582 1503
1641 1500 1641 1486
1644 1501 1644 1500
1644 1501 1652 1501
1645 229 1636 251
1645 229 1645 221
1647 333 1628 369
1647 333 1647 305
1632 1255 1604 1251
1632 1255 1632 1230
1632 1255 1645 1259
1650 1900 1662 1900
1653 1830 1606 1846
1653 1830 1692 1830
1654 1578 1654 1531
1659 610 1659 601
1644 1519 1644 1515
1676 65 1645 99
1676 65 1676 56
1676 1228 1706 1228
1663 1399 1663 1388
1677 1423 1677 1399
1677 1423 1704 1423
1682 612 1679 626
1682 612 1682 608
1682 612 1721 612
1684 438 1690 438
1694 1001 1694 972
1694 1001 1695 1001
1695 1020 1694 1052
1662 1911 1695 1911
1662 1911 1662 1961
1695 1915 1712 1915
1700 910 1652 909
1700 910 1700 902
1692 1834 1692 1830
1692 1834 1701 1834
1707 1782 1701 1834
1707 1782 1707 1771
1707 1782 1743 1782
1712 1595 1672 1595
1672 1595 1672 1578
1714 1442 1692 1449
1714 1442 1721 1442
1690 454 1690 438
1690 454 1717 454
1718 541 1718 531
1718 541 1719 541
1719 1252 1746 1252
1721 1448 1721 1442
1721 1448 1725 1448
1719 987 1719 931
1730 1325 1738 1325
1713 1614 1731 1614
1735 220 1732 253
1725 1001 1695 1001
1719 585 1719 541
1719 585 1740 585
1740 1270 1754 1270
1721 636 1721 612
1721 636 1746 636
1729 194 1729 170
1733 911 1752 911
1731 1171 1731 1162
1731 1171 1752 1171
1742 766 1742 764
1754 784 1754 766
1757 358 1757 338
1757 358 1773 358
1751 218 1739 220
1726 1477 1723 1488
1726 1477 1726 1472
1726 1477 1760 1477
1763 1781 1743 1782
1733 78 1733 64
1733 78 1737 133
1738 1330 1738 1325
1765 1333 1776 1333
1740 597 1767 597
1767 604 1803 604
1766 1689 1772 1689
1773 359 1805 359
1779 473 1791 473
1782 1909 1781 1949
1782 1909 1840 1909
1752 1174 1752 1171
1791 1070 1791 1032
1781 998 1737 1001
1781 998 1793 998
1800 677 1800 659
1805 362 1805 359
1805 362 1824 362
1805 1526 1815 1526
1802 1781 1807 1781
1802 1781 1763 1781
1791 1294 1767 1302
1791 1294 1808 1294
1808 1307 1808 1294
1808 1307 1825 1307
1813 698 1813 677
1813 698 1844 698
1755 1604 1755 1601
1825 1630 1825 1604
1825 1630 1837 1630
1824 394 1824 369
1834 1198 1834 1194
1825 1790 1825 1769
1825 1790 1834 1790
1833 117 1837 117
1833 117 1833 89
1834 1208 1834 1198
1840 1936 1840 1909
1840 1936 1843 1936
1832 44 1832 30
1832 44 1833 87
1832 44 1843 44
1805 1508 1805 1526
1833 1508 1833 1473
1833 1508 1805 1508
1828 1330 1845 1330
1852 1638 1899 1638
1853 669 1844 698
1853 669 1853 664
1853 669 1876 669
1855 387 1855 369
1855 387 1867 387
1843 932 1830 936
1843 932 1843 866
1844 710 1842 749
1844 710 1844 698
1844 710 1865 710
1870 118 1837 117
1881 1935 1897 1935
1882 1776 1886 1776
1870 568 1870 543
1885 1897 1881 1931
1892 712 1865 710
1892 712 1892 706
1890 1848 1885 1868
1890 1848 1890 1822
1890 1848 1893 1848
1897 1245 1897 1204
1897 1988 1864 1995
1896 1410 1896 1398
1896 1410 1901 1410
1901 1428 1924 1428
1902 1254 1902 1245
1902 1254 1904 1254
1904 1308 1904 1282
1904 1308 1948 1308
1892 951 1908 951
1908 995 1883 998
1908 995 1908 951
1908 995 1918 995
1911 712 1906 769
1911 712 1892 712
1911 712 1911 688
1913 372 1913 341
1913 372 1918 394
1916 1138 1918 1138
1918 410 1920 410
1899 1665 1929 1665
1912 1989 1912 1988
1935 333 1948 333
1870 543 1811 550
1935 561 1887 568
1935 561 1953 561
1938 213 1954 213
1938 1748 1936 1804
1938 1748 1941 1748
1930 1480 1944 1480
1930 1480 1908 1480
1946 1734 1938 1732
1946 1734 1962 1734
1947 849 1947 848
1947 1533 1947 1490
1947 1533 1968 1533
1924 1901 1949 1901
1950 423 1950 407
1950 423 1954 423
1953 575 1953 561
1953 575 1981 575
1954 427 1954 423
1954 427 1977 427
1961 928 1966 928
1918 1167 1918 1138
1962 1188 1933 1200
1962 1188 1962 1167
1966 946 1942 972
1966 946 1973 946
1968 688 1970 688
1968 688 1911 688
1973 365 1976 365
1977 454 1964 481
1981 1057 1957 1035
1981 1057 1981 1011
1967 1612 1922 1596
1967 1612 1984 1612
1952 267 1952 257
1952 267 1985 267
1961 900 1961 893
1961 900 1961 928
1961 900 1982 900
1982 900 1985 900
1986 1264 1986 1230
1970 717 1970 688
1970 717 1993 717
1993 727 1996 727
